10.000000
11.836735
13.673469
15.510204
17.346939
19.183673
21.020408
22.857143
24.693878
26.530612
28.367347
30.204082
32.040816
33.877551
35.714286
37.551020
39.387755
41.224490
43.061224
44.897959
46.734694
48.571429
50.408163
52.244898
54.081633
55.918367
57.755102
59.591837
61.428571
63.265306
65.102041
66.938776
68.775510
70.612245
72.448980
74.285714
76.122449
77.959184
79.795918
81.632653
83.469388
85.306122
87.142857
88.979592
90.816327
92.653061
94.489796
96.326531
98.163265
100.000000
