40.000000
49.200000
58.400000
67.600000
76.800000
86.000000
95.200000
104.400000
113.600000
122.800000
132.000000
141.200000
150.400000
159.600000
168.800000
178.000000
187.200000
196.400000
205.600000
214.800000
224.000000
233.200000
242.400000
251.600000
260.800000
270.000000
279.200000
288.400000
297.600000
306.800000
316.000000
325.200000
334.400000
343.600000
352.800000
362.000000
371.200000
380.400000
389.600000
398.800000
408.000000
417.200000
426.400000
435.600000
444.800000
454.000000
463.200000
472.400000
481.600000
490.800000
