20.000000
20.408163
20.816327
21.224490
21.632653
22.040816
22.448980
22.857143
23.265306
23.673469
24.081633
24.489796
24.897959
25.306122
25.714286
26.122449
26.530612
26.938776
27.346939
27.755102
28.163265
28.571429
28.979592
29.387755
29.795918
30.204082
30.612245
31.020408
31.428571
31.836735
32.244898
32.653061
33.061224
33.469388
33.877551
34.285714
34.693878
35.102041
35.510204
35.918367
36.326531
36.734694
37.142857
37.551020
37.959184
38.367347
38.775510
39.183673
39.591837
40.000000
