0.020000
0.022041
0.024082
0.026122
0.028163
0.030204
0.032245
0.034286
0.036327
0.038367
0.040408
0.042449
0.044490
0.046531
0.048571
0.050612
0.052653
0.054694
0.056735
0.058776
0.060816
0.062857
0.064898
0.066939
0.068980
0.071020
0.073061
0.075102
0.077143
0.079184
0.081224
0.083265
0.085306
0.087347
0.089388
0.091429
0.093469
0.095510
0.097551
0.099592
0.101633
0.103673
0.105714
0.107755
0.109796
0.111837
0.113878
0.115918
0.117959
0.120000
